-7.640656234741211250e+00
-4.873668535232543952e+00
-8.836859634399413466e+00
-1.022764471817016485e+01
-4.022871696472167358e+00
-5.213492156982422188e+00
-1.006773054504394516e+01
-2.872456756591796889e+00
-5.614318847656250000e-01
-1.374218457221984835e+01
-3.036662338256835625e+00
1.895749465942383694e+00
-1.486248600292205779e+01
-2.194594245910645114e+00
6.330644371032715156e+00
-1.624686353492736757e+01
-1.691217063903808437e+00
9.225808006286621676e+00
-1.755855233383178771e+01
-6.508498382568355112e-01
1.349128416442871092e+01
-1.367407751083374023e+01
8.498696441650386291e-01
1.558723374938964668e+01
-1.561985424804687383e+01
1.490818382263183750e+00
1.894874303627014100e+01
-1.852981601333618045e+01
1.191255893707277025e-01
1.655416785049438388e+01
-1.764397280502319276e+01
-1.958929748535156168e-01
1.450310305023193358e+01
-1.534515980148315606e+01
3.898898181915284589e-01
1.490455981826782228e+01
-1.213488476562499940e+01
2.011336788177490398e+00
1.828030075454712033e+01
-8.103847366333006619e+00
2.341414058685303168e+00
1.620234444999695000e+01
-5.376993927001954887e+00
3.881372911453246921e+00
1.910471991348266485e+01
-5.997784820556638863e+00
5.375189115524292127e+00
2.284674230480194268e+01
-6.642459869384765625e+00
4.782233282089233484e+00
2.253839179611205878e+01
-6.498096466064453125e+00
7.372397865295409858e+00
2.656504963016509890e+01
-1.887220382690429688e+00
8.830350944519043566e+00
2.655516760635375917e+01
-9.486712036132800563e-01
7.044757110595702976e+00
2.465192501831054628e+01
3.773996627807616022e+00
7.227231588363647319e+00
2.362142011260986152e+01
2.860300201416016819e+00
6.091887216567993590e+00
1.909659767150878906e+01
6.109918869018555299e+00
5.467865655899047717e+00
1.604971020507812440e+01
3.799776214599608792e+00
3.708113006591796434e+00
1.241721534729003906e+01
5.674233200073242500e+00
3.196714843749999702e+00
1.019545248413086114e+01
3.650829620361328409e+00
3.816673210144042372e+00
1.283964054870605409e+01
-2.597691345214840908e-01
3.062290908813476875e+00
1.235280220794677675e+01
1.880814361572262783e-01
1.692144973754882820e+00
8.057365554809571506e+00
1.191871368408202514e+00
1.876414093017578111e+00
8.262931076049802925e+00
-2.463203735351562784e+00
2.167549369812011406e+00
1.086594329452514529e+01
-5.115847793579101577e+00
8.360077819824223155e-01
8.290094306945800184e+00
-3.360801082611084567e+00
-7.015582275390563893e-02
4.927731719970703139e+00
-3.969541992187499702e+00
5.907917022705078125e-01
7.066138813018799425e+00
-8.241205760955811144e+00
3.042561340332028408e-01
8.186916656494140909e+00
-9.141306980133055760e+00
-1.398454292297362400e+00
4.109911987304688097e+00
-7.421388385772704765e+00
-1.559295791625975980e+00
2.870585746765137003e+00
-9.607487304687499119e+00
-1.062649490356445625e+00
5.735036851882934883e+00
-1.315484946060180604e+01
-2.183145149230956150e+00
4.890839047431946085e+00
-1.280645416545867832e+01
-2.746495040893554673e+00
6.360708065032958380e-01
-1.276600790929794371e+01
-3.289390769958496108e+00
-1.548610057830810405e+00
-1.178753522300720213e+01
-4.202513114929200100e+00
-5.413945888519286598e+00
-8.117691635131835781e+00
-4.340981483459472656e+00
-6.717807479858398878e+00
-7.189704792976379544e+00
-3.048578567504883097e+00
-3.072114227294921562e+00
-3.513679061889648736e+00
-2.678013359069824517e+00
-4.065690689086913778e+00
-2.938330803394317847e+00
-3.495658874511718750e+00
-6.993233169555663764e+00
-2.918643703460693573e+00
-2.732205818176269396e+00
-4.573924301147460625e+00
5.365993118286116470e-02
-1.439233985900878920e+00
-1.887171096801758097e+00
-1.193399974822997756e+00
-4.922453842163090343e-01
2.012665817260742784e+00
1.180888839721680128e+00
4.905096359252931748e-01
4.210936477661132216e+00
-1.132254943847659234e-01
1.290738845825195380e+00
8.004335403442382812e+00
1.107477935791015611e+00
2.139945726394653303e+00
9.802090438842775200e+00
-4.441633911132818469e-01
2.316531333923339986e+00
1.356819650268554511e+01
-4.864987579345703139e+00
1.420583274841308530e+00
1.290317910003662050e+01
-4.409003189086913466e+00
4.980616073608397087e-01
8.395990509033204319e+00
-4.617859874725342095e+00
-2.236097202301026154e-01
5.648129531860352159e+00
-2.692106739044189290e+00
-1.046118820190429677e+00
1.507610458374024631e+00
-4.222259963989257514e+00
-2.116389371871948200e+00
-1.359100479125975980e+00
-1.676149523735046554e+00
-2.808968166351318629e+00
-5.154351303100586534e+00
-2.542750367164611891e+00
-3.845223190307617056e+00
-8.455655166625977159e+00
-2.806813591003417763e+00
-5.133143203735351712e+00
-1.261832998657226668e+01
-5.783049381256104127e+00
-6.626081024169922173e+00
-1.538065417480468788e+01
-9.391501701354981080e+00
-6.242188591003418274e+00
-1.223502195739746057e+01
-1.367710340881347619e+01
-6.643768150329590227e+00
-1.331203869628906311e+01
-1.576899998474121034e+01
-6.520909664154053154e+00
-1.196832650756836003e+01
-1.820793637084960892e+01
-6.176697837829589588e+00
-9.375810493469238338e+00
-1.482077491378784195e+01
-5.446150405883789070e+00
-7.544195442199707280e+00
-1.281441315460205033e+01
-5.127924541473388942e+00
-7.070029479980468601e+00
-1.626178819656372099e+01
-5.028208728790283466e+00
-4.864632446289062884e+00
-1.694197569656371982e+01
-4.536361129760742017e+00
-2.227427688598632827e+00
-1.258542132186889617e+01
-3.441337677001953033e+00
-1.095266838073730042e+00
-1.272619165611267178e+01
-3.229895452499389918e+00
2.507003784179673289e-03
-1.649244138145446925e+01
-3.261671314239501740e+00
2.642580612182617195e+00
-1.479376047134399386e+01
-2.387744468688965060e+00
4.631964103698731350e+00
-1.103642770004272400e+01
-1.447892225265502875e+00
5.495057617187500298e+00
-1.328050204849243165e+01
-1.536273889541625914e+00
6.922508068084717081e+00
-1.610661884880065742e+01
-1.242553619384765717e+00
9.723699519157410265e+00
-1.246119730758666933e+01
2.461824665069580753e-01
1.226534448432922275e+01
-1.235987881469726446e+01
1.339384405136108347e+00
1.622438549995422363e+01
-9.033339569091797472e+00
1.871807924270629808e+00
1.620589062309264961e+01
-9.223786624908449028e+00
6.109712047576905114e-01
1.203098399353027403e+01
-1.091246345901489434e+01
9.597684478759749283e-02
1.166365923309326291e+01
-1.014943793869018585e+01
-9.596861953735347228e-01
7.234360046386719034e+00
-9.102912187576293945e+00
-1.681399805068969577e+00
3.516833099365234361e+00
-6.475231733322143413e+00
-2.076708230972290181e+00
1.248369903564459094e-01
-7.755294052124023452e+00
-3.397174665451049513e+00
-3.766845260620117486e+00
-4.128930753707885870e+00
-3.600076642990112319e+00
-6.672367813110351875e+00
-5.982500255584716875e+00
-4.449625152587890931e+00
-8.606474365234374702e+00
-6.120709922790527280e+00
-5.598341003417968587e+00
-1.286597750854492261e+01
-9.930735656738281847e+00
-6.667258850097656619e+00
-1.457883520507812491e+01
-9.796695770263671221e+00
-7.319283340454101783e+00
-1.830550833129882804e+01
-1.095333802795410172e+01
-8.966922149658202557e+00
-1.805072171020507810e+01
-1.299949809265136658e+01
-5.300777595520019148e+00
-2.059080242919921844e+01
-9.939962692260742472e+00
-3.494288650512695327e+00
-1.709264109802246168e+01
-8.678591522216796861e+00
-4.196508663177490384e+00
-1.391821743774413989e+01
-4.660984039306640625e+00
-3.726979486465454183e+00
-1.669850920104980574e+01
-6.541831817626952983e-01
-1.455138372421264759e+00
-1.421932298660278349e+01
2.804054260253906250e+00
-1.039682992935180739e+00
-1.352865491485595761e+01
7.359633209228515938e+00
-1.196781635284422940e-01
-1.597216704940795928e+01
1.178014932250976443e+01
8.211697845458982847e-01
-1.324508023071289031e+01
1.668718603515625176e+01
1.672029716491699070e+00
-1.532298285675048888e+01
2.050334031295776427e+01
2.626607528686523363e+00
-1.190446492385864374e+01
2.406734166717529178e+01
3.302317825317382827e+00
-1.071268551635742128e+01
2.912193653249740777e+01
4.503106544494628771e+00
-9.415215286254884575e+00
2.926870976066589236e+01
4.954878585815429837e+00
-4.152459823608399603e+00
2.421446990966796875e+01
3.964271667480468775e+00
-3.784325088500976264e+00
2.269223894500732541e+01
3.883444196701050011e+00
-1.167032241821289062e+00
1.785869775390624881e+01
3.032950452804564989e+00
-1.570156982421874403e+00
1.701964555358886599e+01
3.374463703155517358e+00
3.524858612060546292e+00
1.837445347595214784e+01
3.541253660202026587e+00
2.699880737304686917e+00
1.531728186035156369e+01
2.539070856094360451e+00
-1.540485824584960639e+00
1.140727833557128790e+01
1.972239110946655272e+00
1.224687591552734212e+00
1.195612512207031131e+01
2.486261335372924819e+00
5.065196395874023594e+00
1.193830871582031250e+01
2.124414886474609077e+00
1.445892284393310412e+00
7.836833953857421875e+00
9.699510498046874929e-01
-1.147144115447997770e+00
5.005923339843750597e+00
7.882508678436279670e-01
2.826493953704833917e+00
6.990872589111326363e+00
1.569116966247558587e+00
6.895064712524414219e+00
8.108634811401365994e+00
2.064181241989135884e+00
8.882761413574218778e+00
1.274783045959472716e+01
2.888509809494018477e+00
7.920356765747070149e+00
1.047177478027343867e+01
2.588989206314087355e+00
9.422274093627930114e+00
7.603384902954100966e+00
1.631721906661987020e+00
5.040756439208983863e+00
1.170997824096679807e+01
2.159229892730713196e+00
1.990895034790039375e+00
1.008843319702148378e+01
1.850005386352538750e+00
1.492563552856445597e+00
5.784005981445311306e+00
8.720277214050291548e-01
-1.171512908935547159e+00
8.947101730346680881e+00
1.121482711791991882e+00
-4.735446250915527955e+00
1.189015313720702949e+01
1.723568847656249403e+00
-5.123797687530517564e+00
7.801545074462890028e+00
7.868584899902337781e-01
-5.893689292907714261e+00
5.790327789306640938e+00
9.289659881591827428e-02
-9.663135530471802070e+00
1.044675445556640625e+01
8.266153678894045953e-01
-1.271349440193176328e+01
1.199979298400878847e+01
1.076462028503417656e+00
-1.252462915039062530e+01
1.191015008544921905e+01
-1.180055465698242045e-01
-1.573029695129394412e+01
1.579276448488235474e+01
6.927539978027343892e-01
-1.769507714843749824e+01
1.791028816413879454e+01
2.175665786743163466e+00
-1.304922989654540899e+01
1.983188365077972293e+01
2.964436462402343153e+00
-1.108684859848022342e+01
2.142423885154724061e+01
3.691914321899414375e+00
-6.575527328491212131e+00
1.995681919479370237e+01
3.906084335327149049e+00
-3.306003707885741605e+00
2.540866943931579414e+01
4.608713081359862684e+00
-2.945795806884767387e+00
2.664948927450179994e+01
4.095221279144286797e+00
-8.449479919433592556e+00
2.435663010501861692e+01
3.580259100914001458e+00
-1.022693238830566287e+01
2.696846696472167793e+01
4.053230653762817326e+00
-1.348343351745605645e+01
2.711586987972259521e+01
3.949386375427246243e+00
-1.455614321517944276e+01
2.370989356613159060e+01
2.853957633972167951e+00
-1.882922765350341621e+01
2.059950729036331296e+01
2.260579099655151580e+00
-1.788460227584838691e+01
1.530536528778076288e+01
1.382191789627075229e+00
-1.796979005050659239e+01
1.256488840866088808e+01
9.829563846588134091e-01
-1.417601006317138612e+01
7.428793159484863295e+00
-5.189994335174552553e-02
-1.389408695888519318e+01
5.356694015502931450e+00
-8.345177459716801582e-02
-9.375474555969237400e+00
7.498500671386718608e-01
-9.424653205871580397e-01
-8.101460898399352573e+00
-2.614015274047851278e+00
-1.650255356788635330e+00
-5.708685161590576485e+00
-2.833086288452147272e+00
-9.629833297729493147e-01
-4.736651496887206991e-01
-8.109914916992186917e+00
-4.104122924804687322e-01
-5.746960487365722070e-01
-9.554696762084962103e+00
7.622379169464110760e-01
4.464985353469848484e+00
